7849
81615
115111
10178
94122
134285
7069
10158
8671
554202
150737
1188
1804
8796
166647
7466
247
8470
3426
64393
101928492
1604
1277
9071
441094
286002
2561
2582
64417
100127983
131583
2335
113146
93556
283659
81849
3043
256764
1381
23316
55790
84978
79856
201651
646736
7184
6282
10577
5355
8553
2878
3675
1075
7045
2273
6652
3371
3880
7076
4860
2202
6385
4061
9961
1026
4070
1512
629
6695
1545
5209
9806
2947
1382
2059
3383
10140
2331
5265
1520
133
6662
713
11075
6590
9060
7058
3613
7378
8857
1001
3117
23362
348
9882
1643
4753
1000
10404
4233
5320
1734
3708
1803
4680
10205
7164
3489
6447
4318
51668
2167
1846
3039
23474
10810
5613
4897
7305
10568
3291
1164
241
4316
6273
8842
11322
3783
341
240
5091
637
9844
6366
1462
7033
54
3667
9603
1299
3866
4495
3131
2009
2731
5126
79703
4982
3249
8406
4332
1475
3673
3815
316
10046
25797
7802
3081
3625
650
9796
6271
185
5324
1675
5645
744
11012
5328
134
6261
2690
27074
22915
8630
4036
1311
5650
8685
3977
1300
6258
10874
1491
2662
762
7941
552
1740
6691
9244
4093
6505
7074
1733
4496
948
1014
5172
1474
3759
9162
9023
3293
1187
4435
3386
22925
6262
9671
953
3547
5627
3399
4582
1805
8714
6585
1908
595
1848
3397
4192
10551
2353
7991
26471
2810
3914
1410
10602
3400
1893
1116
1847
2823
3119
5873
2770
125
83604
5655
6439
7436
6362
4688
2191
9568
7173
4240
140597
8572
3113
6383
216
7277
3934
23220
25976
84986
4038
2653
10196
25945
50486
4494
92104
79789
8991
9073
5063
26034
26050
84830
79017
9077
3120
4499
718
51566
9547
53827
56654
9076
55450
51809
57162
55859
51330
29109
56892
9935
10166
8436
55013
64798
54997
57088
27344
56649
55765
57664
10894
51339
9388
55273
55753
11201
55220
54210
51705
24141
79098
27087
54996
53353
29842
23493
23414
79698
23601
28965
79442
9630
353500
64073
29951
80157
83439
80763
10392
81501
83468
9518
1296
347902
55357
10888
64094
84275
83690
84419
23551
56670
50945
56477
9068
85397
84803
340061
29128
115908
57475
114990
91107
164832
116028
57458
389792
85462
134111
83648
54757
100216479
284340
222171
55789
196410
57639
84958
54097
25791
121506
94234
57484
135932
347252
84141
148170
100507303
155465
119710
122402
121551
170261
256691
139221
91522
146556
130733
203859
127845
221935
169792
120892
196996
144423
5067
401115
257019
93273
283417
57121
84553
100131096
80714
93035
100507218
256309
341640
389434
117283
440556
101929480
201456
10804
144501
26149
158038
146429
100302522
729461
101930164
157285
26851
407040
200879
6330
158763
83657
399668
145741
400120
84634
150677
100289137
